,Date,Total_Sent,Sent_On_Date,Proceed_In_24_Hr,Total_Positive,New_Positive
0,04/08/2020,858960,24745,20087,27956,1083
1,05/08/2020,884056,25096,25096,29151,1195
2,06/08/2020,908355,24299,25205,30449,1298
3,07/08/2020,936651,28296,27608,31700,1251
4,08/08/2020,963632,26981,27714,33120,1420
5,09/08/2020,984208,20576,22745,34331,1211
6,10/08/2020,1000988,16780,20583,35515,1184
7,11/08/2020,1027433,26445,21625,36932,1417
8,12/08/2020,1056360,28927,28644,38144,1212
9,13/08/2020,1087722,31362,31270,39708,1564
10,14/08/2020,1120935,33213,31738,41277,1569
11,15/08/2020,1154365,33430,32108,42885,1608
12,16/08/2020,1182727,28362,30123,44415,1530
13,17/08/2020,1205759,23032,26150,46140,1725
14,18/08/2020,1240076,34317,29265,47898,1758
15,19/08/2020,1276358,36282,36291,50231,2333
16,20/08/2020,1312992,36634,37010,52199,1968
17,21/08/2020,1349071,36079,35825,54182,1983
18,22/08/2020,1386775,37704,37027,56354,2172
19,23/08/2020,142258,37583,36353,58262,1908
20,24/08/2020,1446380,23822,26186,59504,1242
21,25/08/2020,1484907,38527,34344,61879,2375
22,26/08/2020,1525792,40885,40352,64355,2476
23,27/08/2020,1525792,0,37873,66761,2406
24,28/08/2020,1608013,82221,41860,69304,2543
25,29/08/2020,1643633,35620,34988,71701,2397
26,30/08/2020,1669779,26146,27908,73855,2154
27,31/08/2020,1685203,15424,18027,75385,1530
28,01/09/2020,1697042,11839,14137,76525,1140
29,02/09/2020,1724658,27616,23850,78072,1547
30,03/09/2020,1755568,30910,30342,79625,1553
31,04/09/2020,1792330,36762,36310,82104,2479
32,05/09/2020,1832275,39945,40162,82104,2655
33,06/09/2020,1872496,40221,41392,84759,3082
34,07/09/2020,1891703,19207,20215,89489,1648
35,08/09/2020,1933294,41591,37264,92515,3026
36,09/09/2020,1978316,45022,45949,95917,3402
37,10/09/2020,2018921,40605,40014,99266,3349
38,11/09/2020,2053801,34880,35056,102254,2988
39,12/09/2020,2099549,45748,43954,105139,2885
40,13/09/2020,2132795,33246,34786,108278,3139
41,14/09/2020,2152585,19790,22279,110818,2540
42,15/09/2020,2198858,46273,41054,114033,3215
43,16/09/2020,2245139,46281,46162,117863,3830
44,17/09/2020,2287796,42657,45730,122214,4351
45,18/09/2020,2336217,48421,47723,126381,4167
46,19/09/2020,2384611,48394,47452,131025,4644
47,20/09/2020,2427374,42763,41630,135721,4696
48,21/09/2020,2450599,23225,25848,138631,2910
49,22/09/2020,2492757,42158,38574,142756,4125
50,23/09/2020,2545385,52628,51200,148132,5376
51,24/09/2020,2600359,54974,54989,148132,6324
52,25/09/2020,2657430,57071,56057,160933,6477
53,26/09/2020,2717040,59610,58799,167939,7006
54,27/09/2020,2770734,53694,54493,175384,7445
55,28/09/2020,2804319,33585,36027,179922,4538
56,29/09/2020,2862094,57775,52755,187276,7354
57,30/09/2020,2925734,63640,63682,196106,8830
58,01/10/2020,2985534,59800,59157,204241,8135
59,02/10/2020,3049791,64257,63175,213499,9258
60,03/10/2020,3104878,55087,54563,221333,7834
61,04/10/2020,3164072,59194,58727,229886,8553
62,05/10/2020,3198423,34351,38696,234928,5042
63,06/10/2020,3263691,65268,60494,242799,7871
64,07/10/2020,3340242,76551,73816,253405,10606
65,08/10/2020,3402903,62661,62661,258850,5445
